9192
9640
-1159
-9739
6920
-1481
-5972
2966
4408
-6980
6183
7752
6967
-3635
5410
-8036
6960
9024
8389
-9050
-4546
-9564
3515
3287
5333
-124
-3146
-789
-5409
-4498
1051
41
-3230
-3086
3792
7111
5503
-3949
9082
-3197
7403
-7384
8533
-7396
7352
-4369
9629
1936
5450
7964
-9992
3765
-7011
805
-1669
2925
2173
-433
-7778
3290
-6097
7651
7816
-1778
-9673
8366
-3874
-9616
-3245
-2030
7038
-5618
-8555
-5338
-4770
309
-3457
-360
1882
5061
-9708
-8654
-2579
-341
-6530
-2911
-3399
-8109
7426
-1176
3474
9466
-5770
-3545
-6981
-3185
3159
-7705
9192
-2248
-3923
571
93
9993
-9319
-1591
-6863
7343
1636
1961
-8449
8956
-1302
4156
3855
1925
8075
2092
6745
1345
-4285
-1360
4992
-2776
-662
-52
7454
1614
3446
6892
-8812
-6158
1382
-6552
9640
-8160
563
3277
3032
-8459
5018
377
-1908
3748
1613
8145
-5975
8934
9220
3166
-959
-3785
8235
-6124
7033
-5761
9419
-7349
-8413
4934
2330
-9121
7341
-2378
1837
-7518
2818
2139
6109
-3429
-6383
5619
-7371
7687
1956
9367
-6923
3830
1193
-7897
-9211
6033
9080
-4086
2682
6619
-3637
3205
-4261
8303
-2054
9034
-6453
-762
9356
1269
-8646
8657
6399
-2973
5969
-4078
-8107
9688
-1680
-3635
890
2126
1956
-3022
-7650
6021
-6282
2522
-6775
-8960
-2073
6016
9519
6198
-4700
-5601
-3088
3203
-9998
-2873
-6087
4950
5448
8205
3203
6521
864
8937
3555
7264
9972
3238
2824
5577
1509
1681
-6883
5619
5703
3960
-878
-4285
5057
-8537
1426
-8951
-3272
3868
-9829
-501
9031
-4428
-5044
-5963
4775
-9986
-5792
5134
430
8137
3722
-1653
-4197
4406
4963
-3067
-6562
4686
-7700
1675
-6388
6748
5932
-4150
6212
-9468
-4236
-6490
-2781
715
6928
7134
-3001
-6226
-1040
-1160
2205
-6317
-4954
4966
-1859
-9492
6885
8317
7635
3731
1358
-9611
-3589
-8087
-124
8640
-9724
-9259
5313
3689
5305
-9506
7319
6163
-3699
3772
6691
-6519
4391
5406
9227
-5302
5003
9719
-1199
8526
5512
878
7362
4009
-4534
1699
-1488
-3010
4300
3722
-22
1705
-9383
497
2373
4966
-7544
5305
-8729
8905
-7132
-1364
-93
-4091
-6236
9973
-1071
-5198
-9283
-6077
2941
5411
-1229
1667
6226
801
9898
8039
6955
-3226
-4495
1046
5475
1125
1279
-7068
2618
220
-245
4173
3214
8797
3432
-3541
4161
3886
7327
5533
5886
-5287
7158
354
3438
1392
-409
-6234
-5971
-9106
3549
-7252
3102
-1437
82
5189
-2896
-306
8905
-8927
-828
-7616
-6599
-7853
9257
-8912
-785
-7109
-4311
80
-9211
-658
8626
-9285
4255
-3968
770
5690
-8609
6560
3009
3489
-4946
-7359
6926
6460
-5091
8605
-8600
501
-4318
2105
7155
-7836
1021
-2378
7651
-6148
-5273
-9097
844
2881
5478
8110
1487
-933
5739
9748
-7602
5954
3723
4038
-5541
-874
2833
-5743
3982
2824
-4883
8344
-2020
1046
5832
3033
3963
5512
-761
-7940
-6226
1664
2588
7290
-5887
-415
7785
7488
-5287
3555
-9708
-8377
-8289
9201
8015
-3471
-9811
-5161
-2278
-8044
9993
-8344
1385
179
-8693
4209
5533
-3555
8121
6249
-6139
3573
-6073
-8045
3414
7563
-2190
-3185
-1772
-9667
-847
-9501
-9996
-2704
6871
-2940
-3983
-2972
8752
1447
-4273
-4663
5591
851
8302
6476
-2101
-7232
-3530
3047
-503
4310
3354
-5339
3205
-8582
-6317
7055
-1902
3065
8222
7068
3171
-6379
-9766
9973
2039
-4362
-5877
-6679
8471
1249
-6196
6011
-5898
-2188
-9052
1103
5072
-9661
-1912
-6856
379
-7506
5518
-5132
-6149
1540
6543
9824
-3715
-7049
4342
5992
-5792
-5085
-1665
-3248
-5761
-9740
-8857
-4483
-6578
5195
-5669
3346
-8229
3428
-2632
-5062
-4163
-6846
-5950
-6961
165
-9733
5150
5386
5224
-4134
568
6518
-5034
-2030
6727
4137
-9608
-2174
9374
7101
-3264
8872
-1349
6431
-1518
2603
7209
-5450
-5723
-4084
553
-8306
9716
-2325
-3125
7075
-852
-2853
-7340
-4731
-1565
-573
-8038
5232
8905
864
19
-3449
-4196
-6844
2487
1681
9263
709
-7815
-188
-9808
-6887
-5635
8902
-9467
-2980
-4751
3102
6949
-9724
-3393
-9090
4967
9985
4934
5313
6522
-8653
6177
-2951
-1223
-9249
-5462
3076
9888
-5409
-5090
-6395
4782
-4612
-9665
8225
-9856
-8991
-5638
-9528
2875
-7887
325
55
-7320
8750
-2691
-8769
-3803
-6179
1681
5562
9886
-4221
2387
4837
6465
-3398
-6449
-7286
-4306
-6116
3908
-5823
-8241
9507
2577
4145
9367
2852
5954
-3324
9582
-5953
-518
8924
-2020
4905
-6805
-124
9889
4531
1399
1435
9634
-5353
-398
83
-5848
-3312
553
8153
-4395
4880
5654
8590
-9191
-674
-8313
-971
9768
4118
-1565
-1592
-3586
114
2518
819
8987
-7973
8886
1649
5749
-8508
-5586
-942
-3856
9669
3377
-3794
827
-5299
-3577
1707
655
-7006
-2240
9054
-93
4275
-2329
-2039
-6685
7158
342
-2592
7295
-9762
2885
3004
4225
2258
9222
-7282
-8447
-5937
264
9782
-2973
-2256
-9279
8767
3290
1418
-7145
-2329
-8990
6977
-1624
6051
-9328
2733
352
9023
9932
-2237
-9857
-9280
8577
-3837
9985
-9755
-9669
-8074
-9519
-316
809
-3968
-3785
-5520
3486
-7145
-5612
-5858
-3416
2877
8406
-6932
-4318
4645
7157
5769
213
-2026
-1914
5404
1747
-5098
-1820
-6213
-6708
-9139
2537
8513
-4576
-4395
-9172
-975
3855
-6373
9872
-558
-984
9375
-3345
2537
8770
-5795
-7900
-6805
2870
8139
-7974
-7416
2207
-9593
-2324
-6726
3190
2251
-9308
6903
-6755
5028
-5814
329
-4840
4704
7929
-7181
9531
-7844
-740
1895
339
-5605
-3548
-7354
1348
-8641
-1711
-8857
1107
600
-4727
-3550
5794
-2192
-3282
-7254
7418
-8187
2410
657
5672
352
-7349
9886
7458
6068
-2279
6759
2415
102
1126
-7213
2558
-6188
5219
9875
4345
-7848
2075
-7243
-1840
-1435
-8949
-9506
4885
-142
-1855
8293
970
465
5151
6860
-2446
3144
4691
-2186
-1481
1450
-5562
-7645
5714
6120
5478
-6927
-2159
4986
-9295
1289
1261
-3661
-3677
-9710
-7165
-4516
-902
-360
-5371
7070
8937
-3968
-7245
-7400
-4379
-3920
-1274
-5898
-2305
7923
-5695
4721
3633
-3678
3323
-5986
447
3909
8687
4552
-5662
625
-3342
1375
5332
1228
339
7473
1641
-2528
2658
-9986
-8820
-3540
3541
4645
-1861
7402
-5442
-1815
-5579
-7047
2874
905
-2685
7341
6196
-2289
-7134
-9184
6516
7411
1789
2285
2553
-4090
-1678
-3051
1724
41
9458
9846
-1545
8252
-1340
2696
-1803
1614
9216
454
7023
949
-1818
-8657
8042
-1889
9852
3562
-2378
1982
1038
5850
-8971
-9930
310
-9934
3608
8213
4356
7657
4442
-7563
-1297
-4536
4137
-5799
-9395
-7720
-9080
-6273
-4078
-9800
-4607
-740
-3524
-5418
4483
-6663
-8135
8163
709
8379
-1421
-9613
-6922
1884
-4924
-2521
-5586
-5236
8686
-9933
995
-3224
-2590
5057
725
995
-87
4142
-4740
-4611
-5792
753
-2632
-5434
-6945
8066
9899
8407
6507
7341
543
7487
8633
4583
-261
-9187
9857
4762
6926
-7514
2675
732
9538
9551
1374
5358
-1470
8815
8535
5708
7827
1636
8359
8940
-5934
-9624
6696
-8619
-6513
-3407
-7505
-1380
9070
7958
2528
-6415
2251
-2466
126
6171
7766
1921
3607
-9581
8171
-7748
7158
-7087
-7433
4133
396
5723
-2431
3010
2799
6914
-6315
-4858
5313
-8481
7386
-2056
-3905
-9291
7417
-6460
-4197
4893
387
-5442
9778
3520
5081
-8970
1678
6873
-9702
4348
-2557
-4037
-8552
-9032
1772
-2374
-1384
2541
8627
9832
-3841
-7375
278
9077
-6662
-1197
-6887
-5898
4681
-3762
-6703
8039
4124
161
-3379
-1148
5571
-236
-1859
-134
2983
2582
-3086
3383
736
-293
-9322
3500
2933
7492
2353
6298
-6930
-2381
-1707
-3690
-4262
3663
1151
-6090
236
1916
7547
-9857
9979
74
6387
2842
997
7892
7852
6911
4771
6818
-3218
1409
-7203
-1145
-566
-4197
-8163
-9760
7007
7956
6527
-1906
-7540
-1458
2861
5206
9315
8323
-5576
-9885
3718
-9773
-6179
4864
8508
-8587
-2283
-1904
3894
7158
-3948
1657
8101
5638
-3115
7250
4421
-7992
557
-3182
-8851
-5064
6543
251
-8478
1036
-7568
8114
7963
-3457
-4306
-4667
-2973
-8432
-2262
-834
7606
951
-6867
-8063
1681
-1096
-9235
-7898
7533
612
6532
9303
2962
9589
3499
9210
-9689
2274
5785
-5494
-6470
-3849
3464
-1920
-2685
-5016
-6518
3015
6857
-5386
-8343
5638
-665
2565
319
-5799
-4032
-6545
2692
5101
-1437
-6857
-7165
-9238
-124
-6877
5049
-8149
-9019
1921
-8106
6298
-3388
6441
-3540
-8124
-7776
-6364
-9857
-9065
5134
-961
2348
-3678
526
-1023
5404
396
-3170
-8610
3914
5677
-644
-9915
-1317
6122
9374
2642
-7514
1244
6949
3584
4205
-5387
2725
-2394
-9443
9691
7265
8045
-9309
2544
-4626
-9254
-8777
-8344
-2297
9585
-8675
-6295
-3449
-1990
-9569
9915
-917
1680
8830
7913
7225
-6206
2779
6461
2743
9833
9504
-1292
5405
-1360
-5528
-7478
-3088
-6944
2139
-6650
7685
4564
-6446
-6921
-9027
-5050
9449
-3379
-3281
-2861
9014
-1268
-3340
9932
4893
1563
-3757
-1612
-8502
-6356
-6500
-9398
2370
2373
-9959
4665
2069
2637
-7371
-9198
-3864
6790
-7384
-2318
-6306
3726
1563
5061
5288
8842
9064
-5155
-5272
3005
-9295
6152
2709
2555
8054
-2529
9377
5982
5714
1021
-1978
6813
3562
8391
-9319
7009
-2330
-2192
7704
4707
1663
8979
9948
-3302
9123
-2911
4359
-8784
-3750
9870
4540
4393
-4516
9375
325
7158
-2143
-3919
5150
-1337
6238
2657
2056
-221
7755
-748
-451
-5442
-6609
-8814
-1269
-3098
-4347
5241
-3010
7720
-1533
5369
6862
6472
-1665
7285
-3666
-4310
2297
6241
5448
-2146
-2764
2632
-8200
4992
-1782
730
-3791
-2157
-254
249
1921
5301
-7547
2466
9798
1117
4223
4931
3674
3047
-4946
-6157
-5287
-6450
852
-2037
3999
-6844
2664
1698
-8693
7371
-9319
4203
3459
-9170
-6663
2029
649
7915
3278
-9645
-4774
3808
5551
6147
-4464
844
-2062
-4738
6364
9637
-8187
3455
-1920
7426
-3213
613
-7755
-4899
-3540
159
7549
7364
6911
-2243
-3386
45
2329
-3700
-6505
-7106
7520
2885
8623
-7522
-9148
2303
-8555
-4911
-1648
7528
4573
-5218
-8580
5114
6955
-5140
-1380
-7227
7064
-1380
-7004
1024
-8248
9773
2985
7657
-6729
9088
529
-8193
-9433
-5329
-5792
-7151
-4004
1526
7793
-7278
-3892
6909
-4261
-664
3903
-1977
-1833
-8715
-1930
-9295
-5820
-6158
261
-9203
-3629
6875
-1861
816
4187
5571
-5832
2071
7135
2572
-6961
2848
-9360
1076
5754
-950
8520
986
-9260
8205
-1667
2649
-3107
-7166
-7474
-8343
1586
-1914
-2820
-3146
-7494
-5258
5032
9636
-1166
-8938
-1723
6986
-3678
-5657
4168
5461
2974
-3996
-8093
-8074
-1419
8871
8441
1613
7949
8341
-5035
-7094
-9906
5319
4636
5697
6888
-4023
5315
2205
-6811
333
8059
4531
4425
-1978
7016
-9309
-5116
-3836
5616
-2778
-985
-1658
-2135
-6538
8547
-2734
2572
8302
2251
4599
4806
-2337
7104
-8404
-7705
-903
-1806
3984
7215
-2262
-4041
-6030
5290
-7843
-3720
-2654
1346
-6353
-2832
1757
613
-4424
8312
4032
-1778
-4403
-4464
8707
-2018
7791
1271
-5331
9507
638
7882
2074
-144
6117
3386
-5139
-791
-934
-8655
7356
600
-7926
2795
-8034
3408
-4024
4352
-1784
-9506
-5110
869
6372
-4077
76
-9211
696
-9391
4538
3438
4051
-4966
4898
-2854
-7473
5386
8304
-568
-2884
3609
-398
4556
3002
6032
2255
-3666
-633
-3084
7062
-7733
-6505
-5442
251
5662
-6061
5183
-8825
-7491
6109
-6144
9282
6290
-398
-4983
-7898
-3312
-3937
8982
-9103
-8415
-7437
6965
1274
5221
2309
-9308
-912
9279
2518
1105
2383
-2704
3065
-8044
-9362
-4134
-3841
8729
-9669
-2781
-823
-1480
-3226
-2138
-6402
-9766
-5022
1136
-1385
-7310
-9083
-3222
-7329
-4483
-4017
-7371
-4316
162
8640
-4911
-4341
2733
-7867
-8355
-8312
5468
7486
-1263
9310
348
-3666
-6132
8214
-66
-5161
5928
7289
8608
-5482
-6518
-826
4526
9566
9777
-748
-4403
475
-6535
4005
5403
-359
1523
2572
6026
2881
-5716
6157
-5826
-3637
-1565
9822
7621
-6681
-5985
-5421
-8981
-8631
2192
-2211
-3067
-5725
-3635
527
7290
-7650
-9506
648
4073
-9934
-6560
-3394
-1449
-502
-1015
-9747
2169
4009
-5048
5950
9653
-7387
4763
1244
-6015
-3451
3532
-415
-7595
1228
-5140
-7991
4510
7277
-3449
-9818
-7002
4817
3904
3893
4333
1611
852
2105
-5770
6837
3219
-7234
-1171
-6159
4347
1191
9280
1533
-6282
2900
-1198
5057
4844
8937
-7688
-7286
-6158
-1339
-1021
-5972
4638
-6206
-8154
6366
7751
2186
7787
4844
-1134
4997
2629
2557
5854
-3326
-3712
9429
5632
4960
8141
3468
1243
5479
-5165
8075
7963
9364
-8505
-7088
2863
6952
7352
-8154
7767
-4331
8115
9768
-3231
5362
-6251
114
2187
-4751
2620
-8958
-8644
8274
7038
-9873
-2290
-5877
-3776
-7790
9293
-326
129
-9383
-4298
3752
-5048
7996
4215
-5117
-9121
4285
3446
1601
8448
325
-342
-1908
-9742
-8277
-5110
-2046
-2556
-828
3660
3144
4837
319
6172
-398
-7648
-3859
-93
-3868
-8690
809
-6649
325
2935
7547
576
-9000
5547
1453
4089
9809
-4185
7961
1363
7651
-1534
-1355
-6347
-2557
-9026
8194
8681
3711
6637
6227
5478
-2482
-706
-9819
-5371
-7655
268
-8012
-6343
-5628
-3197
3980
-4318
-7064
-604
-1878
182
-2141
-1636
4632
8469
-2926
-6030
5662
-8005
1992
7837
3615
-2020
9385
-8135
-7498
6908
-3308
3436
-9506
6132
-6070
7587
9894
5785
-8649
4187
6908
-8074
1921
-6921
1108
1
-3161
-7370
-2375
-6613
-339
-6257
4540
4022
-5417
-8813
3802
8240
-7084
9182
5815
-1876
7304
-8348
-7518
-4863
4431
3790
-8106
-5792
4967
771
-3324
9852
4670
-6499
-3920
3468
8405
9920
6748
502
-789
3046
8171
5146
2150
-6100
-1358
4340
-1062
1777
4638
-781
-7609
-9708
-6159
-4961
-181
-8137
-9319
9458
3046
8047
-4688
9284
4552
3920
-4321
-891
9561
7109
9382
-9610
-8099
-5179
-8643
-4055
9992
2185
-971
-2006
2775
-6610
-8090
-5033
-3702
9528
-6362
7277
8557
6893
7691
9902
-5487
-568
1184
170
9561
-9752
9954
-7646
2349
-1801
4050
3507
9574
7821
-8352
2156
342
8942
9653
-3959
864
1033
-328
-1892
-1727
-8812
-8994
9004
6441
-3694
6621
9973
-1809
9489
-6485
6946
2071
7307
3040
3520
8263
-7429
9241
-6147
1672
-4379
-8906
-4165
7013
-2736
8700
-6263
-1708
-7720
-661
2692
-7336
-3624
1185
1935
-5185
8690
8469
76
8681
-3679
9995
-1335
2231
-6824
1717
9688
-7832
6341
-8600
4393
3816
-4720
2224
2588
-9517
-8393
-1515
412
5430
-1920
2376
-1268
-4718
8322
294
1497
3573
7922
-6578
-5145
-6368
2695
4051
-550
4572
-8684
-2952
-802
3528
-2920
6674
-227
1412
-2197
8225
-8134
-1749
5260
395
-5242
-3020
9382
-2156
3989
-4197
-7755
9637
-399
6686
349
-910
-8333
-5400
5574
9591
1339
5748
1520
-293
7457
3664
760
477
4065
9720
-8654
5214
8551
6021
-6663
9631
7930
-8024
8418
-9888
3391
-2990
2730
7067
4540
9985
-1221
7495
1310
-597
-3797
7180
7577
-9203
-6076
-1372
1418
7807
4345
-1404
-9255
-4197
-3737
-4819
-2971
6310
-8198
-8796
122
2987
922
-4755
-4711
-5292
424
-7645
6820
-1868
2412
-3454
374
5242
7850
3849
4316
9263
3088
7762
-5400
2089
6241
1747
3503
1379
-5050
-1240
-4347
9622
2166
4311
-6286
1091
8764
3458
-2647
-9857
1041
6387
-3577
851
-1959
3015
7193
-5494
-400
5386
-1904
5221
-3696
4893
-8447
4445
-3827
-3061
-593
8042
9409
-1347
-5326
1613
-7648
-2939
-7007
1324
-5132
2757
-9744
-6030
2664
-5985
-7648
-6389
-6795
-6063
3500
-4900
-1293
-5072
9958
-863
-7646
-2375
2965
-2847
-7460
-644
-9104
-3199
-6527
-9910
-2632
-5359
8235
-1889
-7349
-1182
-5352
7158
-9910
-9028
8590
4028
-9251
-9135
-5206
2436
7503
4881
-8339
2701
3488
9837
-9894
7275
-749
-4666
-9083
-1964
2832
-6671
-9372
1124
970
-7542
1672
6521
-4900
-6343
-9560
5212
6516
4022
-8410
6965
9466
4959
7119
-4197
642
-5915
-1146
-77
-6208
6190
8290
1715
-7380
1565
-5119
9822
8987
-7331
3500
3238
-7618
3138
9624
732
-7705
9288
-7514
-5409
-8294
-5432
-6264
-2623
-5306
5057
-7305
-5075
-2896
9528
4894
2581
-1699
-5088
-2287
475
-739
2309
-6343
-371
1966
-9581
9669
825
5431
7856
7341
1655
2701
-7648
4636
-1382
-9076
7379
-4173
9955
9591
2251
9342
6522
8597
-2813
-904
573
4083
-8151
9382
-1825
-7581
-4346
2231
8707
4945
-9071
4510
6079
-7912
-1202
8075
9620
1964
-4667
5875
8032
-7201
758
1529
8539
7402
7965
-1680
-9164
-2320
-6192
-5265
2499
6598
-2725
3364
-9015
2813
-8669
5168
-3182
2883
-5198
-1729
-2750
-5106
5906
-897
9924
4613
3138
-2372
-839
7994
-5098
2671
-959
-3995
1490
2533
7990
-1325
-8317
-4844
7651
-4032
126
9538
-6811
1379
-6530
-3146
-8294
1967
-6761
-5580
-6144
3802
2308
1854
-865
341
-8174
7326
-4478
1686
7930
-3080
-6562
-542
3425
-5196
7158
6364
-3329
-3388
8222
3894
1497
-3223
-5977
289
-4385
9637
7657
-9251
9768
-4214
2492
-4745
9528
4388
8976
762
6928
5349
-3968
9232
-4109
-3264
5812
-3741
-3083
4003
2373
9429
-4727
-6762
4708
-4089
-6811
-6305
7054
7646
-6761
5744
-9569
9591
-5770
3053
5028
4874
9538
-984
-1317
3091
6769
-2821
-8809
-2657
2517
4893
-2604
345
-5823
-2605
1772
2470
-3822
5261
-8424
-4104
-5934
2826
2467
8513
-8475
-563
3983
7407
-3215
1720
-7409
1833
-604
4894
7274
7695
-646
-5330
8797
4739
-7222
6967
8255
-5111
2552
-745
3689
-8597
-6253
-63
6081
-1733
-7628
-9861
1771
-2356
6863
-3115
-4419
-1429
8097
-6814
2528
3379
6778
-1196
-2317
8939
-4180
2240
-2540
8391
-5877
7367
472
9865
-5667
6370
9406
-327
-9857
8687
4616
-1775
-9716
2127
-4228
5518
7435
4717
1175
-8897
8754
3794
8517
129
5525
-6555
-4412
8953
3544
-1955
6679
-1119
-3300
-8206
-6670
-8616
-8330
-353
7373
9918
-3064
4927
5815
-2149
6846
-8646
-3193
928
-138
-2926
7516
2039
523
2314
1085
1167
-7263
695
7648
-9861
-9380
-6317
-6485
-5662
2709
-7650
-5903
-3890
-8458
798
968
134
-4058
6573
-107
-3555
-4805
-5535
4543
2572
7399
-7134
-7563
-1290
4427
1601
3124
-4428
4874
-3752
8627
561
-9238
-2373
1735
-865
2856
8556
-5178
-8083
-2026
2473
-8474
1551
-1269
555
1304
2223
-4240
-1271
7023
4961
-8611
-1797
-965
375
6011
-669
6226
-624
-3605
-7422
826
-4990
9611
3071
4228
6007
9810
3143
-5292
-816
-2292
-5420
-4165
-3715
9566
555
-5323
2517
-9739
4218
9686
4318
-721
990
-5770
5146
-4267
-9911
6483
-5084
9972
1108
-728
-2603
2668
-1546
3391
170
-5677
6540
5946
2555
-1246
-816
-2892
-448
-5830
5502
2928
-9083
-4753
-3020
-4063
1611
-6273
-4253
557
-5687
-4608
9814
7265
5162
-420
8513
-7177
5871
-1648
-5915
-8206
-6388
-6670
2320
5850
-4464
2156
2583
1791
8405
-4341
-2553
-2394
-6628
4754
-8552
-6507
7535
20
454
7406
-373
4442
2030
9024
2478
-5939
-7213
7109
-7832
3541
2798
828
2565
9682
4550
-4051
-9191
8795
-9368
5162
-5543
-9142
-2074
4571
-1908
-4337
7109
3468
-3695
8591
-999
-974
6873
5049
9591
-2085
-316
4557
-619
-2393
-9090
3829
-6209
-3559
-4086
-2607
-5981
6530
4988
958
4156
-3226
9713
4920
-8151
-8481
-4498
1578
3001
-3627
-4767
649
657
-7568
1672
-7723
-6530
62
5601
4894
3963
3684
5828
7109
-401
-5671
8435
4908
8075
4744
-2555
7586
-2704
474
-8574
4529
-1581
8768
-4411
-9667
-6653
9762
6306
3345
-7612
-4102
-844
-1200
-6599
5076
3470
5851
-1195
2075
8391
-7168
-2813
7075
7369
-6228
4345
-9010
-7435
-4378
-2394
8996
-9625
7952
-5169
-150
-1949
-3620
-9635
-8183
600
-3959
5066
-4828
3828
-3533
-7227
2343
1085
-1460
-2560
235
-4813
-2920
7792
-364
-5783
-3396
0
1921
6686
-4995
119
7244
3613
-9428
-2495
-7920
-3407
3541
3217
4506
-7278
5450
5569
-6829
3107
-3827
2425
-8417
-7832
1289
-7023
-1126
-7650
-7871
-9198
1935
-2409
-6362
-5139
-9013
-9616
-9203
-8567
2518
-4955
-4206
210
-2911
-6277
-8930
-7217
-6844
7307
649
-2800
4534
-8221
-1051
6871
-872
388
-3044
8915
5362
-4710
990
454
-8114
4395
-7270
7341
6799
-2289
-8404
4427
4737
4602
-849
7773
-3086
6933
-5220
9024
1206
-1592
-7624
7264
-9372
1428
7067
-9319
-4357
-926
-3433
6965
6065
-1371
-6920
3217
-1962
-9934
-3834
9377
-3139
-129
-1386
-3893
-6206
9807
-3797
5857
4790
-2511
6081
-4580
1200
9058
-2789
6054
-5341
-1380
-7247
-7060
-5338
-2689
-7368
4201
-974
-8546
2066
-9886
4948
8015
-3960
878
6892
-6778
4709
-4731
-2493
1187
-7292
6652
-4924
-5484
-6846
2987
2581
3183
-7132
-254
-7479
-6396
-7479
-5168
-7285
-4612
9393
6522
7651
-7912
5828
-6476
4183
4331
1657
8097
7751
2194
696
-9368
8276
-5001
2055
-9488
-9661
6522
-4651
-6567
5405
-1832
7606
8739
-7932
9360
1008
-875
-6465
-338
-9524
-2555
3771
801
1496
6677
-8938
1854
-7607
-7534
-6208
-61
-9927
-7362
-87
-3700
6323
8732
-8641
1512
-9283
-2776
-3541
-3925
-343
7181
-4876
5329
-7829
8349
-9927
-7551
-8038
-874
8661
-9709
6442
2887
2157
6486
995
7839
8700
2386
-22
-1678
7827
7295
24
-6230
2354
7234
-1380
4425
3608
-8598
-5251
409
6019
-4393
-5535
-5232
-2021
7956
-5442
-7245
-1325
7980
5085
-5326
-3449
475
-5302
-4487
-1859
-7247
845
9485
-7481
6764
6350
2982
9378
-8316
6134
1021
4254
7329
-7868
3200
-5240
-6926
3224
6171
-7751
2465
-9251
-9708
-6460
9249
5871
-7915
674
-6811
-9399
8259
2802
-448
-1840
-8469
-3210
4523
9805
3293
9303
6846
3386
7996
-3581
9095
9095
-6337
-7411
1326
477
-7513
8133
5781
985
5257
5637
-6109
6827
-3703
-7528
-2292
-9181
-8023
2202
9250
1188
6860
9614
7642
-6061
-974
6638
-189
5181
4280
4632
5283
-5374
-870
-664
-4580
-5853
6876
3437
5404
-5273
-8012
-5487
6452
3648
-6895
-2051
1889
-8885
-9606
-9014
-784
9828
-1194
-7957
-3919
6305
-7610
-7790
4540
-5265
9620
-1610
-2506
9636
-803
2775
-5937
-6269
-3264
7473
8410
1592
-9726
-2859
4521
8797
-3767
-9251
1719
-5826
-4197
-3942
-5853
-8617
3580
9452
7653
-1896
-6575
2410
-4316
-3574
5358
9083
-2275
5988
9808
-8217
1504
2450
-8034
-4285
-9504
1184
1720
7577
-2729
-367
8057
4819
5569
2185
1641
-7346
-3259
-8054
7042
5147
-8220
-1820
4313
-4262
-3637
2851
-73
5988
-2317
-1588
6302
-3064
2542
9206
7437
-7474
-1788
-8784
-6863
758
-4924
-942
-5175
-2675
-7432
4430
7116
-6501
333
-5953
5362
7646
-7617
-4862
1244
-8478
4483
4931
-7117
-7177
5406
3386
7962
6507
-5937
-1972
641
555
-4747
-9902
-6701
988
8770
-4206
9798
-6806
8551
-9773
9706
4442
823
-319
7615
-6063
-3332
-521
-4686
-3694
-5306
501
-4134
-9766
-5179
268
9225
2021
-154
-9309
-1014
6926
-616
-1978
-3500
7396
5479
-7429
-9545
-3078
-5963
-8822
6670
-7584
-7363
6992
8770
6152
-518
7418
8757
4014
-4772
-167
-8562
-8850
-1610
3111
3794
6115
-1591
-4942
9155
9920
837
-6546
-733
-9961
-8683
9272
7690
-1656
8627
-6188
9064
8768
-7843
9573
-6485
1556
9872
-6606
1451
-2244
-1600
4991
2062
-1246
-5115
-1227
9206
-2612
-5631
-4536
-5623
-8994
1777
-150
-7060
6806
4625
5066
2993
-3168
4814
-3587
2339
6411
3166
7990
1392
-4369
674
6663
8213
-5419
7882
2434
-2868
-926
6910
3251
7024
-2517
-9091
5988
-4515
2544
-969
9691
-8859
-3737
-2042
-2039
835
-9254
-2427
-8881
2393
1540
9287
-7355
1274
7793
6565
-8074
4080
-1884
-3568
-4108
4014
2697
-441
-4618
2672
-1340
3371
-9628
8100
-1955
3417
5160
-8283
-7920
5399
7640
4898
2715
-6422
-6099
4818
8851
4613
4896
-105
220
451
-7843
-7362
-7244
-5826
-9285
-9823
-5022
-2704
-8802
-1122
7047
74
5756
-4387
-5119
129
7454
-5460
-2657
3833
3102
3709
6486
4731
8652
-5037
1533
-9183
-3140
821
8917
5453
3799
-8536
-2528
-1068
-3665
5504
-5709
4587
7716
5404
3503
1655
6997
-5810
-7094
-2171
2387
4498
-1743
3401
246
-2875
-9431
5200
-593
-3454
-5973
1748
3148
8822
5493
1751
653
475
2928
-3286
4071
2695
8547
7615
-5479
-7474
1358
-790
3663
-3423
9778
-7035
2295
-489
-9285
-6919
9140
-8169
-9665
-9902
6573
5463
-8279
-4040
-9071
-8431
9300
6621
3049
4638
9473
9377
5571
-9268
290
-7563
-887
6415
8577
2861
-3347
-3776
-6952
-7790
-8316
7157
2603
-6019
-4676
-4046
-5031
-5432
-9442
9770
2125
-5676
7254
5936
-5679
753
-5353
5637
-6628
3404
-7336
178
4531
-4526
-2339
-9798
9541
281
-4245
-7494
-6116
-5758
1289
5500
-9073
4427
-5265
-293
7368
1144
-5402
-9718
3072
2881
-6273
7376
4252
-9111
-4048
9556
8611
-1637
-2920
-6562
7326
5300
-2174
-4389
9935
7024
-635
-8619
7862
-4369
156
-624
-8564
-5473
-7535
-5329
-8494
-9187
-5242
118
1556
5195
6037
-8854
2935
9965
-2244
-7032
-2813
-4459
-1287
6965
-6928
2824
-9657
-2264
-5196
-7645
7668
-9861
-8970
4447
-2543
-2073
-7478
-7416
2962
-2131
-8769
-9259
-2120
-8791
-2256
-8091
3693
-7468
-5442
3455
-3965
-7065
224
-1324
4817
-5802
-4350
8317
-1952
-6206
-388
-2657
1967
9024
-4729
-6975
3749
-544
-4557
5463
-7678
2436
8577
9272
5049
4807
8274
-3768
4032
245
-6787
-1930
-8744
-2628
1374
7586
-1294
252
-6710
6350
-9661
-5936
-2835
7486
-7901
-9506
-5981
-7912
5638
-6189
1036
-7284
1854
-2287
-3919
5264
-6567
-4487
-1380
5016
-146
4014
-6212
-8979
7226
-4840
4305
5569
-7843
-6610
-1645
5451
-9183
-2633
5698
3689
-7139
-2853
-9783
2549
-5806
3718
8690
6884
4164
4591
-8109
-6946
4650
3107
2467
189
4059
8036
4798
-5016
-4841
-1338
5629
-3678
-3304
9179
-4518
-7534
6090
-9319
6058
4318
-7232
-5049
-2278
3358
-2088
3497
9948
9591
138
-6623
-3086
-6357
-3302
-2463
-3947
-9488
-7431
878
-9628
2025
-5820
477
2096
-6167
-3597
-5710
3005
2033
7441
8657
4890
9375
7754
-2182
3361
7500
-9183
3880
5183
2132
-5240
-6507
3920
5478
3224
-6379
3885
-2013
4377
1793
-8877
5291
-5110
-3574
968
9951
2937
-8897
3848
-4332
6608
-7401
-4346
1511
-2362
5662
583
-8183
-8045
2885
2202
-6212
-973
9653
4578
2053
-376
4943
-9677
8361
4889
-2353
-5768
3573
7881
1164
-4318
5988
-6801
552
-8154
8330
-5815
8030
-5973
-6757
-1778
32
-7944
-52
3500
-8730
5057
-5099
1379
4187
-45
-7786
5569
-4385
3775
3573
-5352
9955
-1015
9917
7706
-6224
-878
8213
7152
2885
-7234
-550
-3779
-8796
3141
-3125
9775
9186
6873
8222
4133
5370
-489
-3651
1613
-3555
-6237
-8109
-7095
7177
-8014
-3081
-3482
4003
-3042
8250
7523
-1749
4032
-4665
1178
289
2443
7158
9216
-7914
-6565
-3471
-3535
9948
-293
5679
3468
1594
3214
1761
846
3386
6495
7
5461
-1876
-1349
-3349
7157
9196
8036
2056
-6716
-4223
-9104
-9162
8222
-2592
-6565
8215
1749
6379
5916
3122
1812
-7349
-1480
-6523
-7973
2727
-333
-1302
-5363
-3254
4616
-3922
-3244
-8653
-8565
4538
7830
-1497
-3599
-8486
7400
-5054
5127
8277
-4491
-9954
-8684
6302
-3246
7524
8494
-5679
-5709
-8217
-5200
3960
5973
7605
9468
9256
-7375
8349
8541
-3326
3288
-7441
-4858
1183
3091
-7305
9935
4031
7723
-7498
-1110
1243
-2533
-4516
-8891
-3555
8504
-6186
5649
-7628
-8538
6769
-7392
9569
2935
4943
-5819
9894
6677
3723
156
5992
1424
-4425
8905
8411
4255
-6490
2588
3642
3500
7326
9822
-9309
6650
-1242
-9259
3750
5568
-5975
4939
8757
1158
-7931
-4454
-4023
6370
-7979
-7400
4128
-3737
-2729
555
-1678
213
625
345
896
156
4919
-9443
-5291
-7898
-8014
8803
-5119
3166
7804
-6844
-4055
6298
7193
-320
869
4116
-296
-9073
-3381
-5442
5163
804
3346
696
7244
-7209
4917
1680
6290
6888
-4046
8625
3216
-7332
4190
-4222
-1008
2145
-6885
-5326
-6358
-1214
-2400
-9043
1658
2389
454
7004
2793
-5329
1228
-8897
-1581
8274
-6811
-4561
1191
2007
-3490
-5242
-6640
-8861
8043
2423
-7441
3755
-5016
-7703
3709
-3970
9067
2629
-261
5474
4871
-7811
-3473
9569
9797
5146
-6273
-7646
-2170
9228
6249
1377
43
-8154
-1805
9321
-6195
-5285
6109
4225
-668
9229
-4348
-8277
-4521
-3185
2348
-7801
633
-6874
-1783
-6483
8786
-3969
8075
2324
1279
1145
1556
2029
-8387
5430
-709
3140
147
6338
9981
-866
-3809
2799
689
3890
-8074
1556
-9372
-2341
7405
261
3492
-8696
-8690
-3925
-7829
-6116
-8339
-2270
-8052
5413
2107
-1920
506
-9852
-7243
1588
2657
-5345
-3703
9768
3046
-6148
7369
-3171
-503
7248
4028
705
-3088
477
-878
9140
5430
4036
-3564
7399
3360
995
-9088
4871
-3433
-3142
2555
-7542
3490
6486
6790
-6610
9748
5308
-6343
6277
-8644
-7338
-2131
-8309
5401
9875
-5806
-3207
-6981
-3629
-5242
1399
-4074
-6266
-961
-6196
340
6065
5662
2062
4362
6159
-9632
4952
9749
-9625
9091
6144
-4834
7982
9328
-3199
-6558
4910
3171
-681
-8012
-1131
-3755
8700
2587
4550
-6631
-4140
-884
-4357
-1271
-9074
2572
32
-8209
-7811
3217
5371
-2380
-852
-8897
4959
2730
2544
256
2916
-6844
4979
2851
591
-922
9280
-8849
4202
-6003
-4684
851
4083
-1498
7047
7877
-4419
-8855
-6546
-4820
-7995
8916
1484
5916
2757
4023
-2374
-5482
-6047
9166
-7723
1773
5659
-9046
-5283
-7851
-7620
-8410
-3230
-6430
-1094
5278
-942
1653
9918
-856
-8531
753
1310
7119
-5
-3022
-1030
5173
4831
-9280
-5242
6483
8724
8886
-8884
-1263
-9088
-1276
-3723
110
-1842
2810
-8404
5601
2826
-8683
5629
-6192
-8802
-5378
4960
82
7642
-87
4904
1379
-5183
3391
9095
231
8108
-5662
8719
8146
-6870
-2130
355
-3555
-1263
-2798
-5916
-1163
4840
1653
-7139
-6946
3018
-6098
5900
-1372
2778
-6199
-5110
1033
8732
-1259
-2971
628
4958
-6670
8705
-7644
5533
9822
1163
1561
3295
5896
-5248
3894
4898
-9543
2112
7621
-802
8842
-2380
-6228
-6541
1418
-3000
5487
5506
-1724
-2380
-8970
7135
-5409
-8163
6554
-3199
-3319
8536
-2700
-8693
-5165
-2607
8865
3240
-9875
9824
-4411
-66
1611
9882
709
5030
8156
-202
4289
8213
3347
-9183
-5843
4326
-4038
-9383
5963
-7285
-350
3041
8012
-1415
-5648
5062
9348
-2779
9798
-6227
-8766
-9786
3633
-1840
-8950
-2835
8351
6700
9113
468
-4451
-4040
-2976
8311
-2073
-4706
5433
-7874
5738
-2380
6007
-4175
-3067
-4527
-6444
-5402
2775
2652
-2291
-45
4750
-7154
-1700
-533
-9844
-3075
3092
-2776
3828
5832
-5030
1555
5221
3391
7052
-2056
4072
834
2019
1083
-1960
3591
9361
761
-8637
2415
-3203
6791
-3806
-9641
-8393
-7213
-5371
-6044
-401
-3151
-207
956
-7155
3592
-9885
1182
1707
2813
