[.#.#....] (0,1,2,3,6) (1,3) (2,3) (0,1,2,5,6,7) (4,6,7) (0,1,3,4,6,7) (1,3,7) (3,4,5) (3,5) (1) {22,31,23,55,31,29,35,36}
[#.#..##..] (0) (0,1,5) (3,6) (0,1,2,3,4,5,7,8) (0,2,7) (1,6) (2,7,8) (0,1,3,4,6,7) (0,5,6) (8) (3,4) {42,44,23,29,29,34,12,25,37}
[#....#] (4) (0,3) (1,2,3) (0,1) (2,3) (1,3,5) {30,36,24,56,19,13}
[.##...#.] (1,2,6) (0) (1,2,3,4,6,7) (1,5,7) (1,3,6,7) (0,1,2,3,4,5) (0,2,3,7) (1,3,5,6,7) (2,4,5,6) {43,57,67,48,38,58,43,55}
[..##...] (0,1,2,3) (0,3,5) (1,2,4) (0,2,3,4) (1,3,4,5,6) (1,2,4,5,6) (2,3,5,6) (0,2,3,5,6) {32,34,55,52,28,56,42}
[###.#] (1,3) (0,1,4) (0,1) (0,2,3,4) {44,47,17,37,28}
[.#.#...#.] (0,2,6) (1,3,4,6,7,8) (1,2) (0,3,5,7,8) (1,3,6) (3,4,8) (1,3,7) (0,1,3,4,5,6,7,8) (0,1,2,3,4,6,7,8) (2,3,4,5,6,7,8) {145,180,31,188,171,121,174,167,171}
[.##....###] (0,1,3,4,5,7) (1,2,3,4,6,8,9) (0,1,3,4,5,9) (5,8) (3,4,5) (0,2,5,6,8) (0,2,3,4,9) (0,2,4,6,7,9) (0,1,2,3,5,7,9) {90,48,77,72,72,70,40,58,32,65}
[....#..#.#] (1,4) (2,8) (0,1,2,4,5,7,8,9) (2,3) (1,2,4,5,6,7,8,9) (2,5) (0,4,8,9) (1,3,4,5,6,7,8,9) (0,2,4,9) (0,1) (1,3,7) {23,54,52,41,58,39,28,43,65,49}
[.##...#] (0,2,5) (3,5) (0,2) (0,1,5,6) (4,5) {44,7,37,11,4,41,7}
[####...] (0,1,2,5,6) (4,6) (0,2,3,4,5,6) (0,6) (0,2,3) (0,1,3,4,5) (1,5,6) {50,27,41,35,35,40,47}
[#####] (1) (1,2,3) (2,3) (0,4) {17,18,17,17,17}
[###.#.#] (1,4) (1,2,4,5,6) (3,6) (1,3) (3,5,6) (2,6) (0,3,4,5) (0,1,2,4,5,6) (0,1,3,4,6) {27,60,38,153,46,124,173}
[##..#] (2,3) (1,2,3,4) (0,2,3,4) (2,4) (3) (0,4) {23,3,34,26,40}
[..##.####] (0,2,3,7) (3,5,6,7) (4,5) (1,2,3,4,6,7,8) (0,1,2,3,4,5,6) (0,3,4,7) (0,2,3,5,7,8) {44,17,41,75,41,44,33,73,35}
[..#..] (2,3,4) (0,1,3,4) (1,3,4) (0,3,4) (0,1) {34,178,6,175,175}
[..##.#] (2,3) (0,5) (1,2,3) (0,1,4) (0,2) (1,4,5) (1,3) (2,5) {29,44,44,33,28,39}
[##..] (1,2) (3) (0,1,2) (0,2) {27,18,30,2}
[..#.####.] (0,3,4,5,6,7,8) (0,1,2,4,7,8) (0,1,3,8) (2,4,5,6,7) (2,3,5,7,8) (0,4,5,6,7,8) (2,5,7,8) {29,18,37,9,39,32,23,48,38}
[##..] (0,1,3) (1,3) (2,3) (1,2) (0,3) {20,22,19,42}
[##.....#] (1,5) (0,3) (0,1,2,7) (1,2,3,5,6) (2,4,5,7) (0,1,2,3,6,7) (0,1,3,6) {34,44,47,27,18,33,22,45}
[.....#] (0,5) (2,5) (0,1,2,3,4) (3,4) (0,1,2,4) (1,5) {31,44,35,18,38,20}
[.##.##.] (2,3,5) (1,2,3,4) (1,3,4,5) (4,5,6) (1,4) (0,5,6) {11,186,167,180,188,26,13}
[...######] (0,2,7,8) (0,1,3,4,5,6,7) (1,4,5,8) (0,1,2,3,5,6,7) (2) (3,6,8) (1,4,6) (0,1,3,7,8) (5,6,7) (3,4) {28,45,36,35,29,44,50,39,38}
[##.#.] (0,2,4) (1,2,3,4) (1,3) (0,1) {2,26,16,25,16}
[###.#] (0,3,4) (1,2,3) (0,1,4) {27,37,17,24,27}
[...#] (1,2) (1,3) (0,1) (0) (0,2) (0,3) {44,22,34,16}
[.###..##..] (1,6,8) (0,2,5,7) (1,7,8) (1,2,5,6,7,8,9) (0,2,3,4,5,6,7,9) (0,3,5,8) (2,4,8) (0,2,7,9) (0,1,4,6,7,8) (7,8,9) {62,50,56,8,19,43,41,90,65,43}
[#.##.#.##] (4,7) (0,5) (0,1,2,4,6,7) (1,2,3,4,6,7,8) (0,2,3) (0,1,8) (0,1,3,5,6) (0,2,3,4,5,6,8) {60,43,49,51,42,33,48,25,46}
[##..###.#] (0,1,2,3,6,7,8) (0,1,3,4,6,7,8) (0,1,2,3,4) (5,7) (8) (0,1,4,5,6,8) (0,1,3,5,6,7,8) (2,4,6,7) (1,2,3,4,5,6,7) (1,2,3,5,6,7,8) {50,78,50,76,47,52,78,79,74}
[..##.#.#..] (0,2,8) (2,6,9) (1,2,3,7,8,9) (5,9) (2,4,6) (2,4,5,6,8,9) (0,3,4,6,7,8,9) (2,3,4,7,8) {37,17,97,55,64,23,59,55,80,73}
[.#..#..#.#] (0,8,9) (0,1,2,3,4,6,7,8,9) (0,3,4,5,6,8,9) (2,7) (0,2,3,7,8,9) (0,2,4,5,9) (1,2,4,5,6,8,9) (1,2,3,4,5,6,7,9) (0,1,2,4,5,6,7,9) {62,36,57,21,51,48,49,43,52,75}
[...#####] (0,1,3,4,5,6) (2,3,4) (1,2,4,5,6,7) (3,4,5,6,7) (1,2,3,4,5,7) (0,2,4,6,7) {25,25,56,55,73,35,35,46}
[...#...] (1,5,6) (1,3) (0,1,2,4) (4,6) (1,2,4,5) (0,2,3,5,6) (0,1,3,5) (1,4,5,6) {28,60,15,33,40,60,64}
[......#.#] (2,3,5,6,8) (0,3,7) (2,3) (0,1,4,5,6,7) (1,3,5,6,7,8) (1,2,6,7,8) (1,2,4,5,6) (0,1,2,6,7) (1,4,5,6,7) (0,1,2,3,4,5,6,7) {29,74,62,46,28,63,89,64,42}
[##...] (0,1,2,3) (0,2,4) (0,3,4) (1,4) {46,28,36,28,38}
[...####..] (0,2,4,5,6) (0,1,2,3,4,5,8) (0,1,4,5,6,7,8) (0,7,8) (1,5,6,8) (2,3,4,5,6,7,8) (3,4,6) {231,49,227,31,240,257,240,24,62}
[.###..#] (3,4) (0,3,4,5,6) (0,3) (0,1,4,5) (1,2,4,6) (1,5,6) (0,2,3,4,5,6) (0,1,2,4,5) {69,32,29,46,58,57,35}
[#.##] (0,1,2,3) (0,2,3) {16,16,16,16}
[#.#.#..] (0,1,3,4) (0,2,4,5,6) (0,1,3,5,6) (0,2,3,4,6) (0,1,2,4,5,6) (2) (2,4,5) (0,2,5) (0,1,3,5) {266,72,233,228,236,84,228}
[#.#...] (1,2,5) (1,4,5) (2,4) (4,5) (2,3,5) (0,2,4,5) (0,2,3) (0,3) {35,7,54,41,30,31}
[.#.#] (0,2) (1,3) (0,1,3) {12,10,9,10}
[..##] (1,3) (0,2) (0,3) {5,0,2,3}
[...#.#.#] (0,6) (0,1,2,3,6,7) (0,3,4,7) (1,3,7) (3,6,7) (0,1,3,4,5,7) {41,45,20,46,12,12,30,46}
[.###.###] (2,3,4,7) (0,2,6) (0,1,2,3,5,6,7) (0,4,5,6,7) (1,4,5,6) (0,4,5,7) (1,3,4,7) (0,4,5) {42,32,36,32,47,49,38,46}
[.####] (1,3,4) (0,1,3,4) (0,3) (1,2,3,4) (1,2,4) {15,44,20,41,44}
[..#..####] (0,1,2,6,7,8) (1,2,4,6,7,8) (1,3,4,5,7,8) (1,2,3,4,6) (0,3,4) (0,3,4,8) (0,3,4,6) {52,56,50,59,78,6,69,40,40}
[#..#] (0,3) (0) (2,3) (1,3) (1) {10,23,2,14}
[#####.#.#.] (5,8) (1,2,3,5,6,7,9) (0,1,2,3,4,5,7,8) (2,4) (0,2,6,7,8,9) (1,3,6,8,9) (0,8) (0,1,2,3,4,6,7,8) {59,47,51,47,37,12,54,40,84,34}
[...#..] (1,2,3,4) (0,1,5) (0,2,4,5) (1,2,3) {175,25,192,21,188,175}
[#.###] (2,3,4) (0,1,3,4) (0,2,3,4) {9,2,10,12,12}
[####.##.#.] (4,5,6) (0,1,8) (0,1,4,6,9) (2,3,6,8,9) (2,5) (4,9) (0,1,2,4,5,7) (0,2,3,6,7,8) (2,3,4,5,6) (3,5,6,8) (3,4,5,7,8,9) {62,49,72,64,86,82,58,53,65,51}
[.##.##] (2,4) (1,2,4,5) (3,5) (0,2,3) (0,3,5) {12,5,21,14,19,17}
[##.#..####] (1,2,4,5,6,8) (0,2,3,6,7,9) (0,1,3,5,7,8,9) (0,1,2,3,4,5,7,9) (1,2,3,4,5,7,8,9) (0,2,3,8) (1,2,3,4,5,6,7,8) (0,1,2,3,4,5,8,9) (3,5) (0,1,2,6,7,8,9) (0,1,8) (2,6) {91,98,124,85,64,72,84,79,90,69}
[#...##.#] (0,1,7) (2,5) (0,1,5) (0,1,2,3) (2,3,4) (1,3,4,6,7) (0,1,2,3,4,6,7) {218,232,70,69,52,178,32,52}
[..##..] (1,2,3,5) (0,1,5) (2,3) (1,2,4) (1,2) {5,25,35,28,6,18}
[.#.###.] (0,1,2,4) (0,1,2,5,6) (0,1,3,6) (1,2,3,4,5) (1,5) (0,2,3) (1,4,5,6) {42,66,47,28,37,42,21}
[#####..##] (0,4,7,8) (1,2,3,5,6,7) (0,2,5,6,8) (0,1,2,4,5,6,8) (0,1,2,3,4,6,7,8) (2,3,4,5,6,8) (4,5) (0,1,2,3,4,7,8) {38,19,33,21,48,35,22,28,41}
[#.##.] (0,2,3) (0,2,4) (0,1,2,4) {12,5,12,1,11}
[#...##...] (0,4,6,8) (0,1,3,5,6,7) (1,2,4,8) (1,5,6,8) (3,5) (3,5,8) (2) (0,3,4,6,7,8) (2,6,7) (0,1,2,3,4,5,8) (0,1,2,3,6,7,8) {54,64,56,48,53,45,69,39,79}
[.###] (1,2,3) (0,2) {4,18,22,18}
[##.##..] (2,4,6) (1,3,4) (1,5) (0,1,2,4,6) (0,1,3,4) (2,4) {18,39,24,28,52,5,22}
[#.#.] (1,3) (0,2) {2,3,2,3}
[###.] (3) (0,1,2) (1,3) (0,2) (2) {21,18,39,6}
[..#.##....] (0,3,4,7,9) (0,1,3,4,5,6,7) (0,5) (4,5,6) (1,2,4) (3,5,6,8) (1,2,4,5,6) (1,3,4,6,8) (3,6,8,9) (2,3,8) (8) (7,8,9) (0,2,4,6,8) {56,45,52,66,80,55,73,44,90,32}
[.##.] (1,3) (2) (3) (0,1,3) (0) (0,2) {28,3,27,11}
[##........] (1,2,3,5,6,7,8,9) (2,8) (1,4,6,8,9) (0,1,2,3,4,6,8,9) (0,3,5,6,7,8,9) (1,7,9) (0,1) (1,6,8,9) (1,3,4,5,7,8,9) (1,2,3,4,5,7,9) {26,82,44,54,38,54,48,58,76,80}
[#..###....] (0,2,4,6,7,8,9) (0,1,2,3,6,7,9) (0) (1,4,6,7,9) (0,1,2,3,5,6,8,9) (0,5) (0,1,4,5,6,7,8) (1,4,6,8) (1,3,4,5,7,8,9) (0,1,2,3,4,6,8) (5,6,7,8,9) (2,3,4,5,6,7,8,9) (1,2,3,4,5,6,8,9) {75,178,33,135,190,175,91,196,187,180}
[#.#.###.] (0,2,3,5) (0,2,3,4,6,7) (0,2,4,5,6) (3,4) (1,2,4,5,7) (0,1,3,4,7) (1,4) (1,4,5) {61,39,43,58,91,27,37,41}
[.###...] (2) (0,4,5,6) (1,2,4,5) (0,2,3,5,6) (1,2,4,6) (0,1,5) (6) (1,3) (0,1,3) {39,53,37,39,27,32,208}
[..#.#] (2,4) (1,2) (0,1,2,3) (2,3,4) (2,3) (0,2,3) (1,4) {19,136,163,45,47}
[##..] (0,2) (2,3) (0,2,3) (0,1,3) {24,11,33,38}
[.##.#] (0,1,3) (1,2,4) (4) (0,1) (1) (2,3,4) (0,3) {35,39,20,27,22}
[.#...] (0,2,4) (1,3) (2,3) (0,1) (0,3) (0,1,2,4) {195,28,21,214,5}
[#.#..####] (0,1,3,4,5,6) (1,2,3,4,6) (2,4,6,8) (0,1,5,6,7,8) (2,3,4,8) (1,2,3,4,7,8) (0,7,8) (0,1,3,6,7) (1,2,3,4,5,6,7) {182,201,64,207,69,21,211,197,55}
[....#.#.] (3,5,6) (2,3,4) (1,4,6,7) (2,3,4,6,7) (1,2,3,6,7) (0,1,2,3,5,6) (0,1,4,6,7) (4,5) {29,48,43,60,30,37,71,39}
[#.#.##] (1,3,4,5) (0,1,4,5) (1,3,5) (0,1,2,3,5) (5) (1,2) (0,3,5) {22,34,12,38,6,43}
[.#..###.] (1,3,4,5,6) (1,3) (2,7) (0,2,3,4,5,6) (0,2,7) (1,2,4,5,6,7) (5,6) (0,1,3,4,7) (2,4) (1,3,5,6) {55,55,57,63,66,66,66,51}
[....##.] (0,5) (2,3,5) (0,1,4,5,6) (2,3,5,6) (1,4,6) (1,5) {26,30,29,29,22,63,35}
[###..##...] (0,1,2,3,4) (1,3,9) (0,1,3,4,5,6,7,8,9) (3,4,6,8) (1,3,8) (6,9) (0,1,2,3,6,9) (1,2,6,7,8) (1,3,6,8,9) (2,4,8) (5,7,8,9) (3,5,6,8) (2,3,6,9) {31,61,34,62,37,30,72,46,76,55}
[.#.#.#.] (0,1,4,6) (1,2,5,6) (4,5) (1,3,5) (2) (1,4) (1,2) {3,26,28,12,9,23,10}
[##..####..] (2,3,4,5,7,8) (2,4,6,7) (4) (0,1,2,3,5,7,8,9) (0,3,4,5,9) (6,7,8) (1,7) (0,1,3,4) (2,6,8) (0,1,2,4,5,7,8,9) {36,41,35,32,37,36,10,48,36,33}
[.######.] (1,2,3,4,5,6) (2,3,4,5,6,7) (0,1,4,6,7) (0,1,3,4,5,7) (1,2) (0,1,3,4,5,6,7) (1,2,3,4,6,7) {29,64,47,55,68,45,53,51}
[.#.##..#.] (5,6) (2,4,5,7) (0,4,5,6) (3,4,7) (0,3,4,5,7,8) (0,1,5,6,8) (1,3,4,5,6,7) {24,23,10,12,28,42,32,22,18}
[##.#.#.#.#] (1,3,5) (1,2,3,5,6,7,8) (0,3,8,9) (0,1,3,4,5,6,7,8,9) (0,2,5,6,8,9) (0,3,6,7,8) (1,5,6) (6,9) (0,2,3,4,5,6,8) (1,2,4,6,7,8,9) (0,5,6,7,8,9) {67,29,29,57,26,57,97,38,73,55}
[#..#] (0,3) (1) (2) {8,14,18,8}
[#.#.#..#] (2,3,5,6) (0,1,3,5,6) (0,1,4,5) (0,1,2,3,5,7) (1,3,4,5) (1,2,5,7) {36,166,29,137,133,174,20,21}
[####.##.] (0,1,3,4,5,7) (0,4,6) (0,1,2,3,5,6) (2,3,4,5,6) (4,5,6,7) (1,2,4,6,7) {22,22,11,21,40,32,27,31}
[..#.#] (0,4) (0,3,4) (2,3,4) (0,2,3) (0,1,4) (0,1,2,3) {49,14,34,43,45}
[.#.##.] (1,3) (1,3,4,5) (1,4,5) (3,5) (1,5) (2,3,5) (0,1,4) {0,52,2,34,24,39}
[##.#] (0,2) (0) (1,2) (1) (0,1,3) (1,2,3) {31,39,29,12}
[###.] (0,1,2) (1,2,3) {12,15,15,3}
[##.#..] (0,1,2,3) (3,4,5) (0,4) (1,5) {5,10,2,9,10,15}
[.##..#....] (2,3,4,6,7,8) (0,1,2,4,7,8) (0,1,2,3,6,7,8,9) (0,1,3,4,5,6,7,8) (0,1,2,3,4,5,6,7) (7,8) (1,2,3,4,5,6,7,8,9) (2,5,8) (4,7,9) {31,45,73,51,61,47,51,84,76,33}
[.#.##..] (4,5) (0,1,2,4,5) (0,1,2,4,5,6) (0,1,2,3,4,6) (1,2,3,4,5,6) (2,3,4,5,6) {24,35,45,41,50,30,45}
[..#.##....] (2,4,5) (0,2,4,5,6,7,9) (0,4,7,9) (8) (0,1,2,4,5,6,7) (1,2,4,5,6,7,8,9) (1,3,5,6,7,9) (0,1,2,3,5,7,9) (2,6,7,8) (1,2,3,5,8) (1,2,3,4,6,7,8,9) {39,47,73,26,56,68,57,75,44,40}
[##.#] (0,1) (0,2) (0,3) (0,1,2) (0) (1) {46,25,18,11}
[#....#..#.] (0,4,6,8,9) (1,2,7) (1,5,9) (1,3,4,7,8,9) (0,1,3,5,6,8,9) (0,7,9) (0,2,4,7,8,9) (0,2,3,4,5,6,7,8,9) {42,41,20,29,44,32,21,50,46,79}
[#..#] (1,2,3) (0,3) (0,1) (0,2) (1,2) {18,36,37,20}
[.##...] (2,4,5) (1,3) (0,2,3,5) (0,5) (1,2,3) {10,3,27,9,20,30}
[.#####..] (1,4) (2) (1,5,6) (1,3,4,5,6,7) (2,3,5) (1,2,4,6,7) (0,2,4,5,6) (0) (0,1,5,6) {24,47,31,17,32,44,38,11}
[##.####] (0,1,3,5,6) (2,3,4,6) (0,1,2,4,5) (0,2,3,4,5) (1,3) (1,2,6) (1,2,4,5,6) {18,33,145,132,145,37,131}
[#.#..#.] (3,4) (0,3,4,5) (1,3,6) (2,5) (0,1,3,6) {29,23,9,43,20,23,23}
[.###..#.] (0,3,4,6,7) (1,4,5,6,7) (1,2,4,5,6,7) (0,1,5) (0,3,5,6) (0,2,3,4,5,6,7) (0,1,2,3) (2,6,7) (2) {80,68,45,60,50,81,68,50}
[...#.#] (0,1,2,4,5) (1,3) (0,2,3) (2,5) (2,3) (3,5) (0,1,4) (0,1,2,5) {29,35,47,40,10,37}
[#.#####.] (0,2,3,4,5,6,7) (0,1,3,6,7) (7) (0,3,7) (1,2,4,5,6,7) (0,1,2,4,5,6) (4,5,6,7) (0,1,3,5,7) (1,3,5,7) (0,1,3,7) {87,64,47,71,64,66,82,99}
[#.####] (1,3,5) (0,1,2,5) (0,2,4,5) (0,1,3,5) (1,2) (3) (0,2,3,4,5) {197,213,21,219,7,211}
[..##...] (0,1,2,4,5) (0,1,2,5) (2,3,4,5,6) (1,2,6) (2,3) {120,122,138,16,128,133,15}
[##..#.] (0,1,4) (2,3,4,5) (0,3) (1,2,4) (0,2,3) (2,4) (1,3,5) {43,54,56,54,64,28}
[###.] (0,2) (0,1,3) (0,3) (0,1) {63,34,18,31}
[##.###.] (0,1,3,5,6) (0,2,5,6) (0,1,4,5,6) (1,3) (1,2,4,6) (1,2,3,4,5) (2,6) (0,3,4,5) (5,6) {62,69,58,66,45,75,77}
[###.] (1,3) (0,1,2) {20,28,20,8}
[.#..#] (0,1,2,3) (0,2,3,4) (1,4) (1) (0,4) (2,3,4) {15,9,25,25,31}
[#.#..#] (1,2,3) (1,3) (1,3,4,5) (0,1,2,3,4) (0,1,4,5) {24,39,12,25,25,15}
[.#.#.#...#] (0,3,5,6,7,9) (0,1,2,4,6,7,8,9) (1,2,4,5,6,7,9) (3,6,7) (0,1,2,3,6,8,9) (0,4,5,7,9) (0,6,8,9) (0,1,2,3,5,6,8,9) (1,4,5,7,8) (0,2,5,9) (0,2,8,9) (1,5,8) {104,68,84,49,42,89,85,68,90,115}
[....##.#.] (1,2,3,5,6) (0,1,2,3,4,7,8) (0,1,2,3,5,8) (3,5,7) (0,1) (7,8) (6,7) (0,2,3,5) (1,4,6,7) {49,46,42,54,15,39,25,43,20}
[##.#..##.] (0,2,3,4,7,8) (4,8) (1,5) (0,3) (0,6,7,8) (0,3,4,6) (1,3,4,6,7,8) (1,4,7) (2,4,6,7,8) (0,1,3,4,5,7) (0,1,3,4,6,7,8) {26,47,2,26,52,25,11,47,23}
[...#####.] (0,4) (0,3,4,5,8) (0,1,2,3,4,5,7,8) (0,1,3,4,5,8) (0,1,2,3,5,6) (0,2,3,4) (0,3,7,8) (0,2,3,5,6,8) {107,48,68,102,70,83,37,12,63}
[######] (1,3,5) (2,3,4) (0,2) (0,2,4) {7,14,18,25,12,14}
[..#...#..#] (2,4,5,6,7) (0,3,5,8) (0,5,8,9) (1,2,4,5,6,7,8) (0,6) (2,8,9) (3,4) (0,1,4,5,7,9) (0,6,7,8) (2,3) (6,7) (1,2,4,5,6,7) {58,200,229,44,229,236,235,232,235,28}
[##.##] (4) (1,2,3) (0,1,2,3) (0,3,4) (0,1,3) (0) (0,2) {190,164,27,171,7}
[.#..##] (1,3) (2) (0,1,2,3,4) (0,1,2,5) {32,43,44,27,16,16}
[..#..#.##.] (2,4,9) (0,2,3,4,5,6,7,8) (0,1,3) (2,3,7,8) (0,1,2,6,8) (4,5) (0,3,5,6,9) (1,5,7,8) (1,2,3,4,8) (0,1,2,4,5,6,9) (0,1,2,3,4,6,9) {239,247,254,255,237,25,219,21,34,228}
[.#.#######] (1,2,3,4,7,9) (3,6,9) (0,2,3,4,6,7,8) (1,3,5,7,8,9) (0,3,5,6,7,8,9) (0,1,5,6,7,8,9) (0,4,6,7,9) (4,8) (0,1,3,4,6,7,8) (0,3,4,5,6,7) (1,4,5,7,8,9) (0,1,3,6,7,8) (0,1,2,4,5,6,8) {74,57,23,48,47,65,82,68,82,58}
[..#...] (0,4) (2,5) (0,2,3,4) (0,2,3) (1,2,5) (0,5) {238,6,237,213,23,39}
[#....##...] (0,1,3,7) (1,3,4,5,6,7,8,9) (0) (9) (1,3,4,6,7,8) (1,3,4) (7,8) (2,3,5,9) (2,5,6,8) (0,1,2,3,4,5,6,7) (0,1,4,5,8) {32,38,33,55,23,49,32,51,40,37}
[..##.#..] (2,3,4) (0,1,3,4,7) (0,4,7) (2,4,5) (1,2,3,5,7) (0,2,4,5,6,7) (1,3,4,6) (0,2,3,4,5,7) {55,34,47,58,90,40,22,58}
[.#.#.#] (0,1,3,5) (0,1,2,4,5) (0,1,5) (1,3,5) (0,2,3,5) (2,3) {192,20,183,178,6,192}
[##.#.#.#] (2,5,6) (0,1,3,5,6,7) (2,4,6,7) (0,1,3,5,7) (0,1,2,6,7) (0,2,4,5,6) {32,18,36,15,14,48,49,18}
[#.##.] (0,2,3) (2) (1,2,4) {14,20,52,14,20}
[###.###] (0,1,3,4,5,6) (0,2,3,4,5) (0,4,5) (1,2) (1,3,4,6) {29,21,15,28,35,29,17}
[.##.#..] (2,3) (3,4,5) (3,6) (0,2,4,5,6) (0,5,6) (0,1,2,5) {27,0,32,40,27,42,32}
[###.###.] (0,1,2,4) (0,2,3,4,6,7) (1,2,4,7) (2,4) (0,1,2,3,4,5,7) (0,1,3,4,5,6) (0,1,5,7) (2,3,5,7) {63,62,73,46,73,35,23,59}
[.#.##] (0,3) (1,3) (1,2,3) (4) (1,3,4) (2) (0,1,2,4) {19,45,31,48,31}
[...##.] (3,4,5) (0,2,4) (0,2,3,4) (0,1,3,4) (0,4,5) (4) (1,2,4,5) (0,1,2,4) {31,23,12,29,47,12}
[#.##.####.] (3) (0,3,4,5,6,7,9) (0,1,2,4) (0,1,2,3,4,5,6,7) (7,8,9) (0,1,2,4,8,9) (0,1,3,4,5,6,7,8) (0,4,8) (1,2,3,6,8) (0,2,3,5,6,7,8) (4,6) {63,50,68,55,55,34,64,51,76,31}
[##.###..#] (0,1,2,4,5,6,8) (3,8) (0,1,3,4,5,7,8) (3,6,7) (0,1,3,4,5,8) (0,1,5,8) (3,7) (1,3,4,6,7) (0,3) {42,57,4,66,46,38,23,36,50}
[#...#..###] (5,9) (0,3,8) (1,2,3,5,6,7,9) (1,4,5,6,8) (2,7) (2,3,6,9) (2,4,8) (0,1,3,4,5,7,9) (0,4,7,8,9) {147,26,30,40,151,43,32,143,163,168}
[#.##.....#] (0,1,2,3,5,6,7,9) (0,1,2,3,6,7,9) (0,1,2,6,7) (1,3,5,6) (4,6,7) (1,4,6,7,8) (3,5) (3,7) (0,2,3,5,9) (0,2,5,8) (0,1,3,5,6,7,9) (2,3,4,7) {92,104,93,115,39,84,105,116,29,62}
[..###] (1,2,4) (3) (4) (0,3,4) (2,4) {12,5,147,24,171}
[.######.] (0,1,3,4,5,6) (1,4,5) (1,2,3,4,5,6) (0,4,5,7) (0,6,7) (0,1,3,4) (0,2,5,6) {53,33,25,30,43,55,48,16}
[.#.#.....] (1,2,3,5,7,8) (3) (0,1,2,3,6,8) (2,3,4,5,8) (0,2,7) (1,5) (0,5,8) (3,4,5,6,8) {23,36,25,45,23,69,23,15,55}
[####..#.#] (0,3,7,8) (3,6) (1,4,7) (4,5,8) (1,5,8) (1,2,3,4,5,6,8) (0,4,5,8) (3,5,6,8) (2,3,4) (0,1,3,5,6,7,8) (7,8) {19,166,142,161,168,190,160,28,204}
[###...#..#] (0,1,3,4,6) (0,6,7) (3,5,7) (1,2,4,9) (1,2,5,6,7,8) (0,1,2,4,6,7) (4,5,7) (1,3,4,5,6,8) (0,1,5,6,8) (3,8) (0,1) (7,9) (0,1,2,3,4,5,6,9) {35,57,34,52,22,49,40,44,41,13}
[#.##] (0,1) (2,3) (0,2,3) {40,20,23,23}
[##.###...#] (5,6,8) (0,1,2,4,5,8,9) (2,5,7) (1,2,3,4,6,7,8,9) (3,5,7,8) (0,1,4,6,8) (0,2,3,5,6,7,8,9) (0,1,2,3,4,6,8) {34,50,58,53,50,50,66,54,81,23}
[##....###] (0,1,3,5,7,8) (0,3,4,8) (2,6) (5,7) (1,2,3,7,8) (1,4,5) (1,7,8) {20,62,29,40,35,27,9,47,59}
[##.##..##] (2,4) (0,1,3,4,5,7,8) (0,2,3,4,5,6,8) (0,1,2,3,4,5,8) (0,2,3,5,6,8) (1,2,3,5,6,7,8) (0,1,4,5) (3,5,6,8) (3,4,6,7) {55,61,49,72,64,83,45,30,64}
[####.##.#.] (3,4,9) (0,1,2,3,5,6,8) (0,2,3,4,5,6,7,8) (0,3,4,5,7,8) (2,3,4,6,7) (3,6,7) (0,1,3,4,5,6,7,9) (4,8,9) (2,7) (1,2,7,9) {42,31,46,78,56,42,78,63,41,28}
[#...#.] (0,2,3,5) (0,4) (0,1,2,4) (0,3) (3,4) (0,2) (0,1,3,5) {34,9,7,35,7,14}
[...##] (0,2,3) (0,1,2,4) (3,4) (4) (0,1,3) {31,22,14,197,189}
[#......#] (0,2,4,5,6) (0,1,3,6) (0,1,3,4,6,7) (4,5,7) (0,3,4,5,7) (1,2,7) (1,2,3,4,6,7) (1,2) (2,4,5,6,7) (1,3,4,5) {59,82,68,68,88,61,55,70}
[##...##] (2,3,4,6) (1,3,4) (0,2,6) (0,2,3,4,5) (2,3) (0,1,2) (3,5,6) (1,4) {54,43,61,47,42,32,40}
[...###..] (4,6,7) (1,5) (1,2,3,5) (0,1,3,4,6,7) (0,4,6) (2,4) (1,3,4) (2,3,4,5,6,7) (0,3) {37,34,39,63,76,28,46,33}
[#...] (0,1) (2,3) (1) (1,2,3) {12,15,12,12}
